Starting at: 0 0
[[ 1 20  5  2 19]
 [14 23  8 11 16]
 [ 6  3 18 21  4]
 [25 10 15 24  9]
 [13 22  7 12 17]]
[[ 1 18 23 11  5]
 [15  9  3 16 25]
 [20 12  6 19 22]
 [ 2 17 24 10  4]
 [14  8 21 13  7]]
[[ 1 25 10 18  5]
 [22 16  3 23  8]
 [13 19  6 14 11]
 [ 2 24  9 17  4]
 [21 15 12 20  7]]
[[ 1 20  7  2 15]
 [25 10 13 22  9]
 [ 6  3 16 19  4]
 [12 21  8 11 14]
 [24 18  5 23 17]]
Starting at: 0 1
[[21  1  4 22  9]
 [13 24 19 12  6]
 [ 3 16  8  2 17]
 [20 11  5 23 10]
 [14 25 18 15  7]]
[[13  1 23 14  2]
 [ 5 10 20 17  7]
 [24 15  3 25 22]
 [12 18  6 11 19]
 [ 4  9 21 16  8]]
[[24  1 17 25 12]
 [ 4 21 10  3 15]
 [18  7 13 19  8]
 [23  2 16 22 11]
 [ 5 20  9  6 14]]
[[21  1 13  8 25]
 [ 4 10 23  3 11]
 [16  7 20 17 14]
 [22  2 12  9 24]
 [ 5 18 15  6 19]]
[[25  1  8 24  2]
 [ 6 16 21  5 15]
 [19 10 13 18  9]
 [22  4  7 23  3]
 [12 17 20 11 14]]
Starting at: 0 2
[[20  6  1 21  7]
 [17 12  9 24 15]
 [ 4 22 19  5  2]
 [10 25 16 11  8]
 [18 13  3 23 14]]
[[14 23  1 13 24]
 [ 8 11 16 21 10]
 [ 2 19  6  3 18]
 [15 22  9 12 25]
 [ 7  4 17 20  5]]
[[21  4  1 11  5]
 [18 13 23  8 16]
 [ 2 10 20  3 25]
 [22  7 17 12  6]
 [19 14 24  9 15]]
[[ 8 24  1  9 25]
 [16  4 12 15  3]
 [22 19  7 23 20]
 [11 14  2 10 13]
 [17  5 21 18  6]]
[[22  9  1 23  8]
 [ 3 19 12  4 18]
 [14 24  7 15 25]
 [21 10  2 20 11]
 [ 6 16 13  5 17]]
[[10 25  1 11  6]
 [ 3 13  8 23 14]
 [18 21  5 17 20]
 [ 9 24  2 12  7]
 [ 4 16 19 22 15]]
[[ 7 19  1  4 20]
 [14 11 22 17 12]
 [24  3  8 25  2]
 [ 6 18 13  5 21]
 [15 10 23 16  9]]
[[10 18  1 11 19]
 [24  7 15 23  6]
 [ 2 12 20  3 13]
 [ 9 17 25  8 16]
 [21  4 14 22  5]]
Starting at: 0 3
[[ 2  7 10  1  4]
 [24 15 18 25 12]
 [ 9 21  3  8 20]
 [17  6 11 16  5]
 [23 14 19 22 13]]
[[ 2  5  8  1  4]
 [22 13 16 23 10]
 [ 7 19  3  6 18]
 [15 24  9 14 25]
 [21 12 17 20 11]]
[[19 24  4  1 25]
 [13 16  7 10 15]
 [ 5  2 20 23  3]
 [18  9 14 17  8]
 [12 22  6 11 21]]
Starting at: 0 4
[[19  2  5 20  1]
 [16 11  8 23 14]
 [ 4 21 18  3  6]
 [ 9 24 15 10 25]
 [17 12  7 22 13]]
[[19  2 14  9  1]
 [16  7 21 24  6]
 [13 10 18  3 11]
 [20 23 15  8 22]
 [17  4 12 25  5]]
[[24  2 11 25  1]
 [18 21 14 17 20]
 [12  9  6  3 10]
 [23 16 19 22 15]
 [ 7  4 13  8  5]]
[[17  2 22  9  1]
 [20  7 15 12  6]
 [25 10 18  3 23]
 [16 13 21  8 14]
 [19  4 24 11  5]]
[[10  4 17 20  1]
 [15 22  8 14 23]
 [ 6 19 11  5 18]
 [ 9  3 16 21  2]
 [12 25  7 13 24]]
[[17 23  9 16  1]
 [ 4 14 19  5 11]
 [21  7  2 22  8]
 [18 24 10 15 25]
 [ 3 13 20  6 12]]
[[13  4  7 12  1]
 [21 10 15 20  9]
 [ 6 18 23  5 17]
 [14  3  8 11  2]
 [22 25 16 19 24]]
[[11  2 21 12  1]
 [ 5  8 24  4  7]
 [20 13 16 19 22]
 [10  3  6  9 25]
 [15 18 23 14 17]]
Starting at: 1 0
[[24  6 19 13  7]
 [ 1 15  9  4 21]
 [18 12 23 17 11]
 [25  5 20 14  8]
 [ 2 16 10  3 22]]
[[14 23  7 13 24]
 [ 1 11 16 21  5]
 [ 8 19  3  9 18]
 [15 22  6 12 25]
 [ 2 10 17 20  4]]
[[14 17 20 11 16]
 [ 1 23  7  4 22]
 [19 10 15 18  9]
 [13  5 21 12  6]
 [ 2 24  8  3 25]]
Starting at: 1 1
[[20 13 25 19 14]
 [23  1 16 11  2]
 [ 6  9 21  5  8]
 [17 12 24 18 15]
 [22  4  7 10  3]]
[[19 11 24 16 10]
 [22  1  8 13  2]
 [ 6 15 20  5 25]
 [18 12 23 17  9]
 [21  4  7 14  3]]
[[11 20  7 10 21]
 [14  1  4 24 16]
 [ 6  9 12 19  8]
 [ 3 23 15  2 22]
 [13 18  5 25 17]]
[[13  7 18 12  6]
 [16  1  4  9 25]
 [21 11 14 22 19]
 [ 3  8 17  2  5]
 [15 23 20 10 24]]
[[ 9 17 20 12 25]
 [ 6  1 23 15  4]
 [19 13  8 18 21]
 [10 16  5 11 24]
 [ 7  2 22 14  3]]
[[14 11  6 15 12]
 [22  1 18 21  4]
 [ 9 25 13 10  7]
 [17 20  5 16 19]
 [23  2  8 24  3]]
Starting at: 1 2
[[13  4 23 14  3]
 [ 7 10  1  6  9]
 [22 15 18 21 24]
 [12  5  8 11  2]
 [17 20 25 16 19]]
[[11 25  4 12 24]
 [20  8  1 21 18]
 [ 5 13 16  6  3]
 [10 22 19  9 23]
 [15  7  2 14 17]]
[[17  9 22 16 10]
 [20  4  1 13  5]
 [23 15 18  8 25]
 [ 2 12 21  3 11]
 [19  7 24 14  6]]
[[24  4 19  9  3]
 [21 11  1  6 12]
 [16  8 23 15 18]
 [25  5 20 10  2]
 [22 14 17  7 13]]
Starting at: 1 3
[[ 6 12 18  7 13]
 [25  9  4  1 16]
 [19 22 14 11 21]
 [ 5  2 17  8  3]
 [24 10 20 23 15]]
[[24 21  6  9 22]
 [ 4 11 18  1 12]
 [16  8 23 15  7]
 [25 20  5 10 19]
 [ 3 14 17  2 13]]
Starting at: 1 4
[[21 15  7 20 14]
 [ 5 18 23 11  1]
 [25  9  3 16  8]
 [22 12  6 19 13]
 [ 4 17 24 10  2]]
[[16  8  3 15 23]
 [11 19 25 10  1]
 [ 6 14 22  7  4]
 [17  9  2 18 24]
 [12 20  5 13 21]]
[[10 15 24  9 16]
 [22  2  5 19  1]
 [25  8 11 14  7]
 [ 4 18 23  3 17]
 [21 13  6 20 12]]
[[21 15  7 20 14]
 [ 5 18 23 11  1]
 [25  9  3 16  8]
 [22 12  6 19 13]
 [ 4 17 24 10  2]]
[[13  5 20 12  4]
 [22 16  8 23  1]
 [19 11  3 18 10]
 [14  6 21 15  7]
 [25 17  9 24  2]]
[[21 10 25 22  9]
 [ 3 17 14  6  1]
 [12 23 20 11 24]
 [15  7  2 16  8]
 [ 4 18 13  5 19]]
[[ 5 24  9  6 23]
 [11  2 21 12  1]
 [19  7 15 18  8]
 [ 4 25 10  3 22]
 [14 17 20 13 16]]
[[ 8 14 19  9  4]
 [17 11  6 16  1]
 [20 23  3 13 22]
 [ 7 15 18 10  5]
 [25 12 21 24  2]]
[[ 4 10 19 22 11]
 [17 24  6 14  1]
 [ 8 21  3  9 20]
 [ 5 13 18 23 12]
 [16 25  7 15  2]]
Starting at: 2 0
[[16 21  2 15 22]
 [11  8  5 25  9]
 [ 1 14 17 20  3]
 [ 6 24 10  7 23]
 [12 19  4 13 18]]
[[ 7 16  2 23 17]
 [10 25  5 20 12]
 [ 1 22  8 15  3]
 [ 6 19 11 24 18]
 [ 9 14  4 21 13]]
[[15 23 10 16 24]
 [20  4  7 21 12]
 [ 1 17 14  2  9]
 [ 6 22 11  5 25]
 [19  3  8 18 13]]
[[23 12  2 24  7]
 [17 20  5 14 19]
 [ 1 25  8 11  3]
 [22 13 18 21  6]
 [16 10  4 15  9]]
[[11 19  2 12  7]
 [ 4 14  9 21 15]
 [ 1 23  6 18 24]
 [10 20  3 13  8]
 [ 5 17 25 22 16]]
[[25  9  2 22 16]
 [ 4 12 18  7 13]
 [ 1 21 15 10 20]
 [24  8  3 23 17]
 [ 5 11 19  6 14]]
Starting at: 2 1
[[21 13  3 20 10]
 [ 5 18 23  6 17]
 [25  1  9 14  2]
 [22 12  4 19 11]
 [ 8 15 24  7 16]]
[[14  7 21 13  8]
 [ 4 18 10  5 19]
 [24  1 15 25 22]
 [11  6 20 12  9]
 [ 3 17 23  2 16]]
[[10  5 19 11  6]
 [25 13  8  3 21]
 [16  1 23 15 18]
 [ 9  4 20 12  7]
 [24 14 17  2 22]]
[[24  7 10 25  6]
 [21 16 13  3 19]
 [ 9  1 23  8 11]
 [14  4 20 15  5]
 [22 17 12  2 18]]
[[ 3 18 12  2 19]
 [24  6 15 23  7]
 [11  1 20 10 13]
 [ 4 17 25  5 16]
 [21  9 14 22  8]]
[[ 5 22 15  2 23]
 [17  9 25 20  8]
 [12  1  6 11 14]
 [ 4 21 16  3 24]
 [18 10 13 19  7]]
Starting at: 2 2
[[ 7 18 11  8 19]
 [13  4 21 16  3]
 [23  9  1 24 10]
 [ 6 17 12  5 20]
 [14 25 22 15  2]]
[[10 18  5 11 19]
 [ 3 13  8 22 14]
 [ 6 24  1 17 25]
 [ 9 21  4 12 20]
 [ 2 16  7 23 15]]
[[ 6 24 21  5 25]
 [14  9 18 15 12]
 [22  4  1 23 20]
 [ 7 16 13  8 17]
 [ 2 10 19  3 11]]
[[11  3 20 10  2]
 [22 14  6 25 15]
 [19  9  1 18  8]
 [12  4 21 13  5]
 [23 17  7 24 16]]
[[ 6 19 14  7  2]
 [22  9  4 21 12]
 [17 25  1 18 15]
 [ 5 20 13  8  3]
 [23 10 16 24 11]]
Starting at: 2 3
[[ 6 11 21  5 10]
 [14  3  8 13 23]
 [20 17 25  1 18]
 [ 7 12 22  4  9]
 [15  2 19 16 24]]
[[17 22 11 16 21]
 [25 14 19 24 13]
 [10  7  4  1  8]
 [18 23 12 15 20]
 [ 5  2  9  6  3]]
[[24  7 16 23  8]
 [11 21  4 12 18]
 [ 2 14  9  1 15]
 [25  6 17 22  5]
 [10 20  3 13 19]]
[[19  7 25 22  6]
 [12 15  4  9 14]
 [ 2 23 18  1 24]
 [20  8 13 21  5]
 [11 16  3 10 17]]
Starting at: 2 4
[[15 24  2 16 25]
 [ 9 12  5  8 11]
 [ 3 17 20 23  1]
 [14  7 10 13  6]
 [19 22  4 18 21]]
[[15  7 20 14  6]
 [22 12 17 23 11]
 [19  2  5  8  1]
 [16 24 21 13 25]
 [ 4  9 18  3 10]]
[[11 14  4 10 13]
 [ 6 19 22 25 18]
 [ 3  9 12 15  1]
 [21 24  5 20 23]
 [ 7 16  2  8 17]]
[[24 10 19  3 11]
 [17  5 22 14  6]
 [20  2 25  9  1]
 [23 13 18  4 12]
 [16  8 21 15  7]]
[[12 24  2 11 23]
 [20 15  5  8 18]
 [ 3 10 22 25  1]
 [13  7 19 14  6]
 [21 16  4  9 17]]
[[21 15  2 22 14]
 [ 9 18  5  8 11]
 [ 3 23 13 16  1]
 [20  7 10 19  6]
 [25 17  4 24 12]]
[[10 18  2 25 12]
 [21  7 14 20  4]
 [16 24 11 17  1]
 [ 9 19  3  8 13]
 [22  6 15 23  5]]
[[10 18  4 11 23]
 [15  7 25 16  6]
 [ 3 12 22 19  1]
 [ 9 17  5  8 24]
 [14 20  2 13 21]]
Starting at: 3 0
[[ 2  5  8 15  4]
 [19 13 23 20 10]
 [ 7 16  3  6 25]
 [ 1 21  9 14 22]
 [18 12 24 17 11]]
[[ 2 20  7 13 21]
 [17 11 23 18  5]
 [ 8 14  3  9 25]
 [ 1 19  6 12 22]
 [16 10 24 15  4]]
[[ 2 10 19  3 11]
 [21  5 25 22  6]
 [18 15 12  9 16]
 [ 1 23 20  4 24]
 [13  8 17 14  7]]
Starting at: 3 1
[[ 5 24 12 17 25]
 [10 19  3  9 20]
 [13 16  6 23 15]
 [ 4  1 11 18  2]
 [ 7 22 14  8 21]]
[[15  2  8 16  3]
 [20 12  5 19 24]
 [ 9 17 22 10  7]
 [14  1 25 13  4]
 [21 11  6 18 23]]
[[24  2 18 25  3]
 [11 21  5 10 20]
 [17  8 13 16  7]
 [23  1 19 22  4]
 [12 15  6  9 14]]
Starting at: 3 2
[[ 7 22 12 15 25]
 [ 2 17  9  3 18]
 [11 14  6 21 13]
 [ 8 23  1 16 24]
 [ 5 20 10  4 19]]
[[ 7 22 12 15 25]
 [ 2 17  9  3 18]
 [11 14  6 21 13]
 [ 8 23  1 16 24]
 [ 5 20 10  4 19]]
[[12  6 21 11  5]
 [ 2 15 24  8 16]
 [20 10  4 19 22]
 [13  7  1 14 25]
 [ 3 18 23  9 17]]
[[10 16 22 11 17]
 [ 2  7 19 14  6]
 [23 12  4 24 21]
 [ 9 15  1  8 18]
 [ 3 25 20 13  5]]
Starting at: 3 3
[[10  7 20 25  8]
 [18  2 12 15  3]
 [21 24  9  6 23]
 [11 14 19  1 13]
 [17  5 22 16  4]]
[[17 25  8 18 13]
 [22  2 15 23 10]
 [ 5 19 12  4  7]
 [16 24  9  1 14]
 [21  3  6 20 11]]
[[ 3 19  8  2 20]
 [24 16  5 23 15]
 [ 7 10 13 18  9]
 [ 4 22 25  1 21]
 [12 17  6 11 14]]
[[20  7 14 19 24]
 [12  2 22  9  3]
 [15 18 25  6 17]
 [21  8 13  1 23]
 [11  5 16 10  4]]
[[24 12  6 23 11]
 [15  2  9 14 17]
 [ 5 22 19  4  7]
 [25 13 16  1 10]
 [20  3  8 21 18]]
Starting at: 3 4
[[ 9 12 24  8 11]
 [ 4 19 16  3 22]
 [14  7 10 13 25]
 [17  2 23 18  1]
 [ 5 20 15  6 21]]
[[18  7 22 19  2]
 [12 15 25  9 14]
 [23 20  3  6 21]
 [17  8 13 16  1]
 [11  5 24 10  4]]
[[ 9  3 21  8  2]
 [12 15 18  5 14]
 [22  7 10 23 20]
 [17  4 13 16  1]
 [11 24 19  6 25]]
Starting at: 4 0
[[ 3  8 23 13  7]
 [25 15  5 10 16]
 [20 12  2 19 22]
 [ 4  9 24 14  6]
 [ 1 18 21 11 17]]
[[ 7 22 14  8 21]
 [ 2 25 11 18  4]
 [13 16  6 23 15]
 [10 19  3  9 20]
 [ 1 24 12 17  5]]
[[23 15  9 20 14]
 [ 2  5 12 17  4]
 [ 8 19 24  7 10]
 [22 16  3 21 13]
 [ 1  6 11 18 25]]
[[ 8 11 16 23 10]
 [ 2 21  6  3 18]
 [13 24  9 12 15]
 [ 7  4 17 22  5]
 [ 1 20 14 25 19]]
Starting at: 4 1
[[11 22 25 10  4]
 [17 14  6 20 15]
 [24  9  3 23  8]
 [12 21 16 13  5]
 [18  1  7 19  2]]
[[20 10 15 21  9]
 [17  4  7 24  3]
 [12 22 19 11 14]
 [ 6 25 16  5  8]
 [18  1 13 23  2]]
[[15 20 25 14 19]
 [23 12 17 22 11]
 [ 3  6  9  2  5]
 [16 21 24 13 18]
 [ 8  1  4  7 10]]
[[13  7 19 14  4]
 [24 16 11 25 17]
 [ 9 21  3  8 20]
 [12  6 18 15  5]
 [23  1 10 22  2]]
Starting at: 4 2
[[ 4 17 20  5 16]
 [12  7  2 13 10]
 [19 22 25 18 21]
 [ 3 14 11  6 15]
 [24  8  1 23  9]]
[[21  9  3 20 25]
 [15 18 23  7 17]
 [ 2  5 13 10  4]
 [22  8 16 19 24]
 [14 11  1  6 12]]
[[ 5 18 11  4 19]
 [13 24 21 16 25]
 [10  3  6  9  2]
 [22 17 12 23 20]
 [14  8  1 15  7]]
[[12  6  3 11 14]
 [24 19 16  8 22]
 [ 4 10 13  5  2]
 [17  7 23 18 15]
 [25 20  1  9 21]]
[[14 11 24  4 12]
 [22  6 16 19  7]
 [25  3 13 10  2]
 [15 18 23  5 17]
 [21  9  1 20  8]]
Starting at: 4 3
[[ 9 17 20  8 16]
 [12 23  5 13 22]
 [19  2 10 18  3]
 [ 6 14 21  7 15]
 [11 24  4  1 25]]
[[ 9  4 14 19  5]
 [12 21  7  2 22]
 [15 18 10 25 17]
 [ 8  3 13 20  6]
 [11 24 16  1 23]]
[[14  4 10 13  5]
 [20 17  7  2 18]
 [ 9 12 22 25 11]
 [15  3 19 16  6]
 [21 24  8  1 23]]
[[ 4 25 18  5 24]
 [20 12  9 21 13]
 [17  6  3 16  7]
 [10 22 19 11 23]
 [ 2 15  8  1 14]]
[[ 4 23 12  3 22]
 [19  7 15 18 10]
 [25  2 21 24 13]
 [ 5 17 11  6 16]
 [20  8 14  1  9]]
[[16  8 11 17  7]
 [ 3 24 21  4 13]
 [10 18 15  9 19]
 [22  5 12 23  6]
 [ 2 25 20  1 14]]
[[15  7 23 14  6]
 [ 3 18 10  2 21]
 [24 13  5 25 12]
 [16  8 22 17  9]
 [ 4 19 11  1 20]]
Starting at: 4 4
[[ 7  4 22 25  5]
 [13 10 19 16 11]
 [21 24  6  3 23]
 [ 8 17 12  9 18]
 [14  2 20 15  1]]
